100
2
1111111110010
0110101001110
0110011000110
0111111110011
0010111001111
0101001111010
0011100000011
0100111111011
0001101011010
1011011111010
0011001110011
1001011100011
1100010111100
1111100111000
1010101111101
1101111011011
1011010001111
0010000110011
1101001101110
1010100101111
0010110101001
0011110101001
0111011100001
0110110011101
1011000000110
0010111111100
0010110011110
1101111001010
0011101000100
1001100110100
1010001110001
1011110001111
0101101100001
0010100101101
1111010100000
1100111100110
1011110011110
0110000001101
1010101001100
1100101111101
1111001110000
1110001100010
0000100101100
1110111000111
1010101000110
0000101101001
1011000001000
1001101011000
1110000111000
0011100010010
0101011110000
1101110110010
0110100001110
1000001001011
1010010010011
0101010000010
1011011111010
1100001001011
0100001010110
0010110101011
0111001110110
1101100011100
0110100100101
0101101010000
1111100010100
1011111110111
0011001101000
0111110111100
1000011110001
0000010001101
1111100100001
0101110101100
0101011010110
0101110001000
1101101001110
0001100011111
1001110010000
1001100100110
1010011101000
1011000011011
0101100100011
0010111101011
1000111100111
0001011011001
0110111011101
1100000010111
1101111101101
1000010011011
0111100101100
1111000010101
1001101111000
1110000011101
1101110100111
1000110110101
1010010000111
1010101110001
0010010100001
0111111011011
1101111111000
1001111101100
0110011011100
1101110110001
1111101001100
0110100100110
0110111011100
0000100001010
1101000000110
0110101100010
1011111001101
0010111110010
1111101111100
1010010011011
1011000111100
1011111011010
0110011001011
0110011111110
0100100111001
0101101010110
0100100011110
0110011111100
0000100010001
1000001000001
0011010010001
1110001010001
1010111000100
1011100010101
0100100010011
0010001001100
0000101110110
0010101011101
1111110101010
0111001010001
0010110100011
1111011011110
1110001101100
0010100101110
1111100000000
0010101010110
1110100111010
0100001001111
1001110011011
0000011110100
1110110101110
0111111001010
0001001100101
0011011001000
0110111110111
0110000000100
0000001100111
0101010101101
0101000100101
1110110111110
1100001100101
1101010101011
1000000000010
0111110101100
0010000011110
0110011011101
1101000101111
1110101000110
1001110011001
0100100010001
0110001110100
1100110010010
1001111100101
1011111101111
1111100111110
1110011010000
1110101111111
1010001010100
0110100010001
0010011101001
0100110101010
1111100011101
0000001110011
1100010001001
1001001011001
1101000010011
0011100001000
1111100010111
1110101101010
0000000100110
1100100100000
0010000100110
1010000000001
0001111001000
0011101100011
0011000000000
1101000011101
0001101011001
1110010000111
1110100001010
1100110011110
0001011010000
0001101111000
1110101000010
1100111101111
0010000010110
0100001011110
1111110110111
